0000
0001
0002
0003
0004
0005
0006
0007
0009
0011
0012
0013
0015
0016
0017
0018
0020
0022
0023
0024
0025
0026
0028
0029
0030
0031
0034
0037
0038
0039
0040
0041
0042
0043
0044
0045
0046
0048
0049
0050
0053
0054
0056
0057
0058
0059
0061
0062
0064
0065
0066
0067
0068
0069
0070
0072
0073
0074
0075
0076
0078
0080
0081
0082
0083
0084
0086
0087
0088
0089
0090
0091
0092
0094
0095
0096
0098
0099
0103
0104
0106
0107
0108
0110
0111
0112
0113
0115
0116
0117
0118
0121
0123
0124
0126
0128
0130
0131
0132
0133
0134
0135
0136
0138
0139
0140
0141
0142
0144
0145
0146
0147
0150
0153
0154
0155
0158
0159
0160
0162
0164
0165
0167
0168
0170
0174
0175
0176
0177
0179
0180
0181
0182
0183
0185
0187
0189
0190
0192
0193
0194
0195
0196
0198
0199
0200
0202
0203
0204
0205
0207
0208
0209
0210
0214
0216
0217
0218
0219
0221
